0	0	0	0	0	0	0	0	0	0
0	0	0	0	0	0	0	0	0	0
1.55123	-0.137772	2.00748	-0.178293	1.55944	-0.138501	2.09897	0.0522228	2.19595	0.109339
1.61803	0.0198033	2.30863	0.00655806	1.81209	0.0474826	2.09897	0.0522228	2.19595	0.109339
3.89119	-0.133476	2.2469	-0.22211	3.89093	-0.134166	4.29136	0.215312	2.28434	0.226323
3.96596	0.0728465	2.41311	0.0821782	4.19528	0.218461	4.29136	0.215312	2.28434	0.226323
6.85896	0.415238	3.34459	0.498889	6.86352	0.416818	6.56942	0.496096	2.36382	0.348847
6.69097	0.435077	2.63921	0.343647	6.43926	0.472879	6.56942	0.496096	2.36382	0.348847
9.07975	0.594542	2.14881	0.028496	9.07733	0.593211	8.92437	0.89924	2.43359	0.474526
9.09349	0.666562	2.39553	0.169293	8.89749	0.886982	8.92437	0.89924	2.43359	0.474526
11.5746	1.6609	2.57487	1.58166	11.5755	1.6669	11.3468	1.427	2.49328	0.600781
11.5253	1.61963	2.37959	1.46757	11.4447	1.42958	11.3468	1.427	2.49328	0.600781
13.5953	2.31766	1.75182	0.135189	13.5921	2.31191	13.827	2.07904	2.5429	0.724947
13.6903	2.29505	2.31357	0.19072	13.6572	1.99915	13.827	2.07904	2.5429	0.724947
16.6394	2.89972	3.5637	0.925771	16.6456	2.903	16.3554	2.85243	2.58284	0.844365
16.4806	2.87189	2.86573	0.79656	16.282	2.84648	16.3554	2.85243	2.58284	0.844365
19.0137	3.70542	2.22183	0.846116	19.0106	3.70555	18.923	3.74161	2.61382	0.95648
19.0872	3.7257	2.37213	0.885716	19.363	3.87122	18.923	3.74161	2.61382	0.95648
21.3324	4.73124	2.13157	1.08482	21.3312	4.73205	21.5215	4.73855	2.63679	1.05891
21.4286	4.75081	2.49487	1.17891	21.6213	4.74762	21.5215	4.73855	2.63679	1.05891
24.0774	5.5722	2.77403	0.575319	24.0787	5.56968	24.1437	5.83295	2.65286	1.14952
24.1858	5.60642	3.00283	0.644026	24.5601	5.92334	24.1437	5.83295	2.65286	1.14952
26.6103	6.95619	1.92255	1.81898	26.6053	6.96102	26.7833	7.01246	2.6632	1.22647
26.669	6.97226	2.35663	1.97176	26.5419	6.90075	26.7833	7.01246	2.6632	1.22647
29.5817	8.09377	3.37783	0.550256	29.5864	8.08789	29.4352	8.26299	2.66893	1.28822
29.5271	8.08391	3.09376	0.475454	29.4716	8.24519	29.4352	8.26299	2.66893	1.28822
31.9471	9.87101	1.87732	2.67802	31.9416	9.88017	32.0955	9.56901	2.67104	1.33358
31.9327	9.8606	1.98686	2.72251	31.7928	9.49891	32.0955	9.56901	2.67104	1.33358
34.6105	10.7121	3.18223	-0.439971	34.6157	10.6988	34.7608	10.9139	2.67035	1.3617
34.6942	10.7409	3.28857	-0.400995	35.0599	10.9953	34.7608	10.9139	2.67035	1.3617
37.147	12.0762	1.80281	2.51762	37.1404	12.0883	37.4287	12.2803	2.66736	1.37209
37.2622	12.1165	2.2022	2.66522	37.4973	12.2943	37.4287	12.2803	2.66736	1.37209
40.3215	13.4756	3.75201	0.486333	40.3285	13.4666	40.0971	13.6505	2.66232	1.36458
40.1874	13.4356	3.19824	0.304162	39.9009	13.6243	40.0971	13.6505	2.66232	1.36458
42.7713	14.8219	2.10014	2.11617	42.7664	14.8294	42.7638	15.0065	2.65515	1.33938
42.7953	14.8339	2.36731	2.22739	42.5714	14.9817	42.7638	15.0065	2.65515	1.33938
45.3558	16.556	2.6981	1.37373	45.3572	16.5524	45.4265	16.3307	2.64546	1.297
45.4025	16.5715	2.77656	1.39884	45.649	16.5213	45.4265	16.3307	2.64546	1.297
48.1549	17.2885	2.67378	0.222701	48.1541	17.2835	48.0823	17.6063	2.6326	1.23832
48.1526	17.2906	2.76763	0.258834	47.9331	17.5349	48.0823	17.6063	2.6326	1.23832
50.6243	19.0612	2.32277	2.83622	50.6228	19.0721	50.7276	18.8172	2.61569	1.16454
50.5741	19.0396	2.12027	2.74772	50.5737	18.7834	50.7276	18.8172	2.61569	1.16454
53.7188	19.9113	3.92368	-0.399193	53.7268	19.8982	53.3577	19.9486	2.59372	1.07716
53.6036	19.8704	3.35058	-0.596694	53.5277	19.862	53.3577	19.9486	2.59372	1.07716
56.0393	21.0797	1.74671	2.43734	56.0322	21.0923	55.9669	20.9874	2.56561	0.978022
56.0303	21.0766	1.84826	2.4801	55.867	20.985	55.9669	20.9874	2.56561	0.978022
58.6574	21.7945	3.19098	-0.490798	58.6632	21.7821	58.5483	21.9225	2.53033	0.869205
58.6557	21.7952	3.18784	-0.489673	58.5799	21.9815	58.5483	21.9225	2.53033	0.869205
60.88	22.7775	1.46368	1.96482	60.8722	22.7876	61.0941	22.7449	2.48697	0.753031
60.9212	22.7934	1.85302	2.11738	60.7648	22.6398	61.0941	22.7449	2.48697	0.753031
63.3777	23.4175	2.88318	-0.404396	63.3821	23.4069	63.5955	23.4479	2.43482	0.631987
63.438	23.4411	2.88904	-0.396925	63.7478	23.7442	63.5955	23.4479	2.43482	0.631987
66.3394	23.9889	2.99152	1.23061	66.3403	23.9959	66.0431	24.0276	2.37349	0.508655
66.1698	23.928	2.27245	0.979976	65.8838	23.9541	66.0431	24.0276	2.37349	0.508655
68.2641	24.3623	1.88593	0.0264464	68.2621	24.3582	68.4273	24.4824	2.30293	0.385623
68.4083	24.4139	2.41735	0.211592	68.6759	24.6059	68.4273	24.4824	2.30293	0.385623
70.8273	24.8825	2.44138	0.653689	70.8275	24.8844	70.7385	24.8137	2.22347	0.265395
70.7719	24.8623	2.21238	0.574156	70.7403	24.6728	70.7385	24.8137	2.22347	0.265395
72.8937	24.7189	1.98072	-0.666707	72.8923	24.7135	72.9675	25.025	2.13584	0.150292
72.9793	24.7486	2.30324	-0.563113	73.0732	25.0343	72.9675	25.025	2.13584	0.150292
75.0039	25.2518	1.85106	1.2463	75.0021	25.2595	75.1062	25.1224	2.04114	0.0423626
74.9802	25.2434	1.75283	1.21262	74.9748	25.1378	75.1062	25.1224	2.04114	0.0423626
77.12	24.9405	2.3784	-1.35949	77.1225	24.9297	77.1475	25.1137	1.9408	-0.0566979
77.1134	24.9402	2.23022	-1.39709	77.1386	25.2948	77.1475	25.1137	1.9408	-0.0566979
79.11	25.0262	1.89208	1.12899	79.1089	25.0369	79.0861	25.0086	1.83649	-0.145607
79.0734	25.0141	1.62212	1.04644	79.1718	24.9698	79.0861	25.0086	1.83649	-0.145607
80.8072	24.8774	1.74952	-0.973503	80.8074	24.8688	80.9183	24.8178	1.73008	-0.223536
80.8647	24.8947	1.84799	-0.943158	81.1423	24.8704	80.9183	24.8178	1.73008	-0.223536
82.622	24.6344	1.7225	0.219907	82.6216	24.6393	82.6423	24.5525	1.6235	-0.29012
82.5827	24.6234	1.52135	0.165054	82.5085	24.8114	82.6423	24.5525	1.6235	-0.29012
84.1729	24.5521	1.63724	-0.234731	84.1733	24.5504	84.2584	24.2245	1.51869	-0.345444
84.1797	24.5533	1.63712	-0.235786	84.2898	24.3312	84.2584	24.2245	1.51869	-0.345444
85.6398	23.8118	1.26079	-1.11327	85.6378	23.808	85.7688	23.8451	1.41749	-0.390006
85.7256	23.8349	1.54821	-1.04032	85.9743	23.7547	85.7688	23.8451	1.41749	-0.390006
86.9475	23.522	0.966852	0.181186	86.9449	23.527	87.1776	23.4252	1.32159	-0.424654
87.0599	23.5518	1.1359	0.227363	87.6171	23.5127	87.1776	23.4252	1.32159	-0.424654
88.8174	22.7937	2.27202	-1.41572	88.8227	22.7869	88.4904	22.9745	1.23247	-0.450514
88.6883	22.7621	1.74243	-1.53449	88.4191	22.9498	88.4904	22.9745	1.23247	-0.450514
89.5048	22.3009	0.0194955	0.240038	89.4967	22.3082	89.7145	22.5017	1.15138	-0.468904
89.634	22.3336	0.577942	0.373397	89.7821	22.4826	89.7145	22.5017	1.15138	-0.468904
90.5111	21.675	1.09379	-1.36904	90.5133	21.6677	90.858	22.0141	1.07929	-0.481241
90.6023	21.6977	1.31756	-1.31553	90.8419	22.0974	90.858	22.0141	1.07929	-0.481241
91.7193	21.1101	0.97184	-0.0863891	91.7178	21.1152	91.9302	21.5174	1.01698	-0.488963
91.7765	21.1242	0.980907	-0.0793734	92.0492	21.5289	91.9302	21.5174	1.01698	-0.488963
92.859	20.9543	1.17229	-0.227901	92.8599	20.9537	92.9411	21.016	0.964993	-0.493443
92.9079	20.9655	1.07757	-0.245691	93.3186	21.0712	92.9411	21.016	0.964993	-0.493443
93.472	20.2194	0.0560336	-1.1264	93.4668	20.2155	93.9011	20.513	0.92369	-0.495918
93.6323	20.254	0.800882	-0.980014	93.7423	20.5071	93.9011	20.513	0.92369	-0.495918
95.3143	19.6553	2.5276	-0.284202	95.3229	19.6585	94.8209	20.01	0.893308	-0.497439
95.0094	19.5941	1.23197	-0.524161	94.494	19.8854	94.8209	20.01	0.893308	-0.497439
95.5105	19.6943	-0.152301	0.500746	95.5039	19.6984	95.7116	19.5078	0.87398	-0.498816
95.6121	19.7152	0.430351	0.62164	95.6097	19.5804	95.7116	19.5078	0.87398	-0.498816
96.2625	19.168	0.797247	-1.35543	96.264	19.1597	96.5842	19.0066	0.865773	-0.50059
96.3223	19.1789	0.977079	-1.32316	96.559	18.8688	96.5842	19.0066	0.865773	-0.50059
97.5261	18.7206	1.45884	0.158665	97.5286	18.727	97.45	18.506	0.868716	-0.503009
97.4439	18.7035	1.01503	0.0775357	97.5333	18.1735	97.45	18.506	0.868716	-0.503009
98.213	18.3769	0.518856	-0.621105	98.2105	18.3739	98.3198	18.0049	0.882804	-0.506023
98.2756	18.3879	0.779834	-0.57614	98.4162	18.1556	98.3198	18.0049	0.882804	-0.506023
99.0367	17.3602	0.722477	-1.34425	99.0363	17.357	99.2049	17.503	0.908006	-0.509278
99.0751	17.3664	1.02804	-1.30161	98.9782	17.2949	99.2049	17.503	0.908006	-0.509278
99.9975	16.9817	0.863039	0.250893	99.9969	16.9882	100.117	17.0001	0.944242	-0.512134
100.056	16.9914	0.86279	0.252411	100.441	16.9521	100.117	17.0001	0.944242	-0.512134
101.201	16.5418	1.38105	-0.927517	101.204	16.5368	101.066	16.497	0.991362	-0.513687
101.157	16.5345	1.13968	-0.963096	101.169	16.4353	101.066	16.497	0.991362	-0.513687
102.386	16.3933	1.34599	0.435616	102.387	16.3992	102.063	15.9949	1.04911	-0.512803
102.277	16.3746	0.987373	0.377428	102.081	15.8359	102.063	15.9949	1.04911	-0.512803
103.006	15.3631	0.431206	-1.99018	103.003	15.353	103.119	15.4967	1.11708	-0.508169
103.065	15.3701	1.03393	-1.92442	102.776	15.1195	103.119	15.4967	1.11708	-0.508169
104.114	15.2579	1.13046	1.14999	104.114	15.2708	104.244	15.0064	1.19469	-0.498349
104.057	15.2486	1.01316	1.13102	103.905	14.7607	104.244	15.0064	1.19469	-0.498349
105.537	14.4548	1.84801	-2.11621	105.541	14.4413	105.447	14.5293	1.28111	-0.481861
105.451	14.4425	1.54307	-2.15345	105.316	14.0026	105.447	14.5293	1.28111	-0.481861
106.832	14.0358	1.28789	0.802138	106.831	14.0482	106.737	14.0724	1.37529	-0.457255
106.776	14.029	1.24487	0.796471	106.439	14.2401	106.737	14.0724	1.37529	-0.457255
108.083	13.6686	1.32829	-1.16224	108.084	13.6604	108.122	13.644	1.47592	-0.423202
108.126	13.6738	1.55755	-1.13673	108.131	13.6844	108.122	13.644	1.47592	-0.423202
109.535	13.5641	1.30224	0.598871	109.534	13.5714	109.606	13.2536	1.58144	-0.378583
109.514	13.5607	1.33611	0.601308	109.388	13.1556	109.606	13.2536	1.58144	-0.378583
111.061	12.5925	1.69752	-2.05147	111.063	12.5814	111.196	12.9118	1.69008	-0.322574
111.143	12.6024	1.86465	-2.03162	111.426	12.9557	111.196	12.9118	1.69008	-0.322574
112.913	12.4742	1.73516	1.18981	112.913	12.4877	112.893	12.6299	1.7999	-0.254723
112.89	12.4723	1.65476	1.18219	112.797	12.8241	112.893	12.6299	1.7999	-0.254723
114.799	12.5583	2.1183	-0.667209	114.801	12.5506	114.699	12.4195	1.90891	-0.175007
114.788	12.5567	1.96667	-0.683373	114.916	12.3187	114.699	12.4195	1.90891	-0.175007
116.688	12.1019	1.84354	-0.298121	116.687	12.1036	116.611	12.2921	2.01507	-0.0838683
116.749	12.1081	2.07684	-0.276338	116.871	12.0659	116.611	12.2921	2.01507	-0.0838683
118.952	11.9997	2.32621	0.011329	118.953	12.0009	118.628	12.2586	2.11647	0.0177712
118.92	11.9973	2.18004	-0.00132788	118.85	12.4063	118.628	12.2586	2.11647	0.0177712
120.699	12.2898	1.40639	0.485829	120.695	12.2918	120.743	12.3289	2.21139	0.128528
120.812	12.3012	1.929	0.540119	120.934	12.1905	120.743	12.3289	2.21139	0.128528
123.56	12.8296	3.52325	0.541528	123.568	12.8297	122.95	12.5114	2.29835	0.246599
123.356	12.8083	2.59162	0.440984	123.142	12.7694	122.95	12.5114	2.29835	0.246599
124.904	12.7779	0.548536	-0.384716	124.894	12.7743	125.242	12.8125	2.37624	0.369827
125.208	12.8089	2.05789	-0.236284	125.376	12.9964	125.242	12.8125	2.37624	0.369827
127.847	13.3218	3.20798	1.04732	127.853	13.3273	127.609	13.2365	2.44434	0.495787
127.707	13.3068	2.62711	0.983489	127.506	13.153	127.609	13.2365	2.44434	0.495787
129.951	13.7006	1.86589	-0.0251618	129.947	13.6963	130.042	13.7853	2.50232	0.621879
130.072	13.7133	2.29302	0.0204268	130.334	13.781	130.042	13.7853	2.50232	0.621879
132.094	14.5016	1.78779	1.31347	132.092	14.507	132.53	14.458	2.55028	0.74543
132.221	14.5156	2.30611	1.37509	132.447	14.3423	132.53	14.458	2.55028	0.74543
135.069	15.0533	3.33499	-0.0279264	135.073	15.0475	135.066	15.2513	2.58865	0.863795
134.989	15.0441	2.81698	-0.0876775	135.127	14.6575	135.066	15.2513	2.58865	0.863795
137.563	16.2059	2.3786	2.02155	137.561	16.2147	137.639	16.1592	2.61821	0.974442
137.613	16.2124	2.59234	2.05062	137.653	16.5145	137.639	16.1592	2.61821	0.974442
140.331	17.0169	2.79748	-0.0567271	140.331	17.008	140.242	17.1733	2.63994	1.07503
140.347	17.0195	2.86757	-0.0468017	140.305	17.5379	140.242	17.1733	2.63994	1.07503
142.891	17.9847	2.27042	1.6579	142.888	17.9918	142.868	18.2829	2.65497	1.16346
142.895	17.9857	2.50638	1.69291	142.626	18.1458	142.868	18.2829	2.65497	1.16346
145.392	19.1653	2.47212	0.822854	145.392	19.1617	145.51	19.4754	2.66445	1.23795
145.496	19.1792	2.76299	0.863243	145.789	19.3785	145.51	19.4754	2.66445	1.23795
148.251	20.4723	2.76242	1.59159	148.251	20.4754	148.163	20.7364	2.66951	1.29702
148.223	20.4689	2.61793	1.57028	148.146	20.9376	148.163	20.7364	2.66951	1.29702
150.687	22.1137	2.32263	1.69142	150.686	22.1142	150.825	22.0502	2.67111	1.33953
150.722	22.1187	2.61229	1.74079	150.649	21.8148	150.825	22.0502	2.67111	1.33953
153.421	23.4934	2.76779	1.12316	153.422	23.4909	153.491	23.3999	2.66999	1.3647
153.403	23.49	2.687	1.10874	153.466	22.9115	153.491	23.3999	2.66999	1.3647
156.047	24.807	2.61184	1.46035	156.047	24.8084	156.159	24.7682	2.66666	1.37208
156.029	24.8044	2.49616	1.44054	156.009	25.0678	156.159	24.7682	2.66666	1.37208
158.901	26.0322	3.21774	1.09457	158.905	26.0308	158.827	26.1372	2.66127	1.36157
158.885	26.0295	2.9932	1.0546	159.014	26.1903	158.827	26.1372	2.66127	1.36157
161.416	27.4234	2.11036	1.61147	161.412	27.4256	161.493	27.4891	2.65371	1.33344
161.484	27.4355	2.38818	1.66276	161.529	27.8454	161.493	27.4891	2.65371	1.33344
163.628	28.7707	1.89892	1.09629	163.625	28.7683	164.155	28.8064	2.64354	1.28825
163.797	28.801	2.47969	1.20437	164.116	29.315	164.155	28.8064	2.64354	1.28825
166.823	30.2046	3.54767	1.56656	166.828	30.2062	166.809	30.0721	2.63006	1.22694
166.69	30.1798	2.84113	1.4289	166.748	29.7121	166.809	30.0721	2.63006	1.22694
169.101	31.3736	1.99745	1.0101	169.097	31.3717	169.452	31.2706	2.61238	1.15075
169.189	31.3895	2.45422	1.09853	169.345	30.7063	169.452	31.2706	2.61238	1.15075
172.17	32.3412	3.4687	0.873505	172.175	32.3404	172.079	32.3873	2.58945	1.06126
172.091	32.3265	2.94005	0.771591	172.135	32.6666	172.079	32.3873	2.58945	1.06126
174.646	33.4601	2.21205	1.36879	174.643	33.4625	174.685	33.4094	2.56021	0.960341
174.655	33.4622	2.33731	1.39512	174.474	33.9157	174.685	33.4094	2.56021	0.960341
177.03	34.2056	2.37946	0.289332	177.03	34.2009	177.261	34.3262	2.52363	0.850119
177.06	34.2111	2.47568	0.307574	177.211	33.8467	177.261	34.3262	2.52363	0.850119
180.139	35.1376	3.67554	1.3884	180.145	35.1423	179.799	35.1289	2.47883	0.732949
179.907	35.0923	2.64508	1.18316	179.543	35.4767	179.799	35.1289	2.47883	0.732949
182.599	35.7567	2.7111	0.303648	182.599	35.753	182.292	35.8114	2.42515	0.611338
182.501	35.738	2.46886	0.256897	182.047	36.2626	182.292	35.8114	2.42515	0.611338
184.734	36.5119	2.03646	1.12429	184.732	36.5155	184.73	36.37	2.36226	0.487877
184.736	36.5121	2.02946	1.12235	184.833	36.1451	184.73	36.37	2.36226	0.487877
186.945	36.9453	2.3426	-0.0404655	186.946	36.9404	187.103	36.804	2.29017	0.365145
187.01	36.9582	2.46388	-0.0165719	187.296	36.9375	187.103	36.804	2.29017	0.365145
189.465	37.4019	2.46875	0.76542	189.465	37.4052	189.401	37.1147	2.20928	0.245623
189.454	37.3993	2.24249	0.720095	189.738	36.951	189.401	37.1147	2.20928	0.245623
191.735	37.567	2.29032	-0.217095	191.735	37.5631	191.615	37.3064	2.12038	0.131592
191.703	37.5604	2.20377	-0.234384	191.682	37.1147	191.615	37.3064	2.12038	0.131592
193.475	37.2794	1.36525	-0.334547	193.471	37.2789	193.738	37.3854	2.02462	0.0250453
193.567	37.2971	1.86005	-0.242858	193.555	37.4234	193.738	37.3854	2.02462	0.0250453
195.986	37.3964	2.95947	0.365294	195.991	37.3991	195.762	37.3598	1.92349	-0.072386
195.785	37.3582	2.07145	0.199266	195.507	37.4891	195.762	37.3598	1.92349	-0.072386
197.726	37.7274	1.82572	0.481799	197.725	37.7285	197.683	37.2395	1.81869	-0.159495
197.691	37.7205	1.79369	0.475289	197.582	37.303	197.683	37.2395	1.81869	-0.159495
199.296	37.2927	1.38566	-1.06834	199.294	37.2862	199.497	37.0353	1.71212	-0.235529
199.353	37.3033	1.6885	-1.01466	199.356	37.3527	199.497	37.0353	1.71212	-0.235529
201.544	36.9921	2.69514	0.203906	201.549	36.9973	201.203	36.7587	1.6057	-0.300201
201.335	36.954	1.80514	0.0468287	200.932	37.4694	201.203	36.7587	1.6057	-0.300201
202.964	36.4608	1.44018	-0.878651	202.962	36.4568	202.801	36.4213	1.50137	-0.353671
202.938	36.4566	1.42104	-0.881795	202.65	37.2445	202.801	36.4213	1.50137	-0.353671
203.994	36.1924	0.739447	0.150825	203.991	36.1967	204.294	36.0343	1.40095	-0.396497
204.044	36.2015	1.20283	0.230665	203.809	36.2941	204.294	36.0343	1.40095	-0.396497
